1
2
3
4
5
6
7
8
9
11
12
13
14
16
17
18
20
22
24
26
30
32
40
44
47
48
57
71
72
73
74
77
79
90
91
96
102
108
113
122
134
144
147
151
157
162
178
180
185
209
218
233
235
244
258
262
276
278
307
317
318
347
351
374
381
388
394
397
399
404
407
412
413
414
415
416
421
426
433
440
446
455
457
459
460
467
471
473
484
514
515
567
576
612
645
661
687
690
692
706
764
812
819
821
831
842
884
888
891
895
896
900
901
909
912
918
927
930
931
939
943
945
949
951
954
964
968
971
972
973
978
987
988
1005
1006
1010
1011
1016
1023
1024
1025
1033
1034
1042
1048
1049
1060
1067
1069
1070
1073
1077
1080
1087
1098
1101
1105
1106
1107
1111
1113
1124
1125
1132
1143
1148
1150
1158
1159
1160
1163
1165
1171
1175
1178
1183
1185
1186
1191
1192
1202
1207
1213
1214
1215
1224
1232
1238
1239
1244
1249
1254
1256
1261
1263
1264
1266
1269
1270
1271
1272
1274
1276
1278
1281
1283
1284
1288
1291
1292
1295
1296
1297
1301
1305
1307
1308
1309
1311
1312
1314
1316
1325
1326
1329
1335
1337
1343
1346
1359
1361
1369
1370
1372
1374
1378
1380
1382
1386
1391
1398
1403
1405
1407
1409
1411
1414
1423
1424
1427
1429
1431
1433
1434
1435
1437
1439
1442
1444
1446
1447
1449
1451
1452
1456
1457
1462
1463
1464
1466
1469
1471
1477
1481
1482
1488
1489
1491
1494
1497
1499
1501
1505
1508
1517
1538
1544
1546
1555
1557
1570
1574
1587
1592
1597
1604
1614
1615
1618
1627
1639
1646
1656
1657
1672
1678
1689
1695
1700
1701
1706
1707
1713
1715
1727
1730
1731
1748
1752
1759
1760
1764
1765
1766
1767
1772
1787
1792
1794
1798
1814
1822
1827
1829
1841
1850
1853
1857
1861
1866
1871
1877
1908
1916
1927
1929
1942
1943
1947
1952
1953
1966
1973
1981
1988
1994
2006
2007
2009
2017
2019
2025
2055
2056
2065
2068
2080
2082
2084
2095
2096
2111
2118
2130
2131
2146
2147
2151
2165
2199
2215
2220
2226
2229
2231
2247
2249
2259
2294
2295
2311
